mild_winter = {
	11 12 13 22 26 150 151 152 153 155 156 157 158 159 160 203 205 206 210 212 213 217 279 280 281 282 283 284 285 286 287 288 289 290 291 292 293 294 295 296 614 615 616 617 618 619 620 621 622 623 624 625 626 627 628 629 630 631 632 636 643 644 645 649 650 651 652 653 654 655 656 657 658 659 660 661 662 663 664 665 677 678 679 680 681 682 683 684 685 686 687 688 689 698 699 700 701 702 703 704 705 723 724 725 726 727 728 737 
}

normal_winter = {
	154 204 633 634 635 637 638 640 641 642 646 647 648 666 667 668 669 670 671 672 673 674 675 676 690 691 692 693 694 695 696 697 733 736 738 
}

harsh_winter = {
	639 706 707 708 709 710 711 712 713 714 715 716 717 718 719 720 721 722 734 735 739 
}